              Origin,               Vector, Multiplicity
           [0, 0, 0],            [0, 0, 0],            4
           [0, 0, 0],            [0, 0, 1],           24
           [0, 0, 0],            [0, 0, 2],           12
           [0, 0, 0],            [0, 1, 1],           48
           [0, 0, 0],            [0, 1, 2],           48
           [0, 0, 0],            [0, 2, 2],           12
           [0, 0, 0],            [1, 1, 1],           32
           [0, 0, 0],            [1, 1, 2],           48
           [0, 0, 0],            [1, 2, 2],           24
           [0, 0, 0],            [2, 2, 2],            4
           [0, 0, 0],        [0, 1/2, 1/2],           48
           [0, 0, 0],        [0, 1/2, 3/2],           96
           [0, 0, 0],        [0, 3/2, 3/2],           48
           [0, 0, 0],        [1, 1/2, 1/2],           96
           [0, 0, 0],        [1, 1/2, 3/2],          192
           [0, 0, 0],        [1, 3/2, 3/2],           96
           [0, 0, 0],        [2, 1/2, 1/2],           48
           [0, 0, 0],        [2, 1/2, 3/2],           96
           [0, 0, 0],        [2, 3/2, 3/2],           48